Date,Open,High,Low,Close,Volume,Adj Close
18/02/2013,3337,3359,3317.7,3340,1.10E+06,2954.2
19/02/2013,3339,3391,3337.5,3390,1.80E+06,2998.4
20/02/2013,3397,3474,3396.5,3474,2.37E+06,3072.7
21/02/2013,3468,3470.5,3405.5,3439,2.26E+06,3041.8
22/02/2013,3437.5,3458,3430,3453,1.40E+06,3054.1
23/02/2013,3516.7,3541.4,3485.9,3514.1,2.60E+06,3348
24/02/2013,3516.7,3541.4,3485.9,3514.1,2.60E+06,3348
25/02/2013,3451.5,3465,3417.5,3427.5,4.13E+06,3031.6
26/02/2013,3411.5,3446,3399,3422,2.26E+06,3026.7
27/02/2013,3423,3427.5,3396.5,3416,2.05E+06,3021.4
28/02/2013,3447.5,3457.5,3407,3434.5,4.28E+06,3037.8
01/03/2013,3447.5,3516,3430,3508,3.34E+06,3102.8
02/03/2013,3516.7,3541.4,3485.9,3514.1,2.60E+06,3348
03/03/2013,3516.7,3541.4,3485.9,3514.1,2.60E+06,3348
04/03/2013,3518,3580.4,3509,3564,2.78E+06,3152.3
05/03/2013,3572.5,3580,3539.5,3566,2.24E+06,3154.1
06/03/2013,3554.5,3559,3510.5,3519,3.01E+06,3112.5
07/03/2013,3524.5,3535,3502.5,3517,2.91E+06,3110.7
08/03/2013,3537,3580,3531.5,3562,2.49E+06,3150.5
09/03/2013,3516.7,3541.4,3485.9,3514.1,2.60E+06,3348
10/03/2013,3516.7,3541.4,3485.9,3514.1,2.60E+06,3348
11/03/2013,3559,3631,3478,3628,2.36E+06,3208.9
12/03/2013,3629.5,3639.5,3583.5,3613,2.27E+06,3195.7
13/03/2013,3514,3539.1,3487.5,3491,3.05E+06,3169.1
14/03/2013,3495.5,3501.5,3472,3472.5,4.88E+06,3152.3
15/03/2013,3478,3502,3464,3494.5,4.68E+06,3172.2
16/03/2013,3516.7,3541.4,3485.9,3514.1,2.60E+06,3348
17/03/2013,3516.7,3541.4,3485.9,3514.1,2.60E+06,3348
18/03/2013,3460,3491.2,3460,3482.5,2.32E+06,3161.3
19/03/2013,3473,3516.6,3464.5,3506.5,1.99E+06,3183.1
20/03/2013,3532,3543,3504,3514.5,2.68E+06,3190.4
21/03/2013,3516.5,3516.5,3468.5,3492,2.48E+06,3170
22/03/2013,3483,3525,3474,3488,1.92E+06,3166.3
23/03/2013,3516.7,3541.4,3485.9,3514.1,2.60E+06,3348
24/03/2013,3516.7,3541.4,3485.9,3514.1,2.60E+06,3348
25/03/2013,3494.5,3522.5,3468,3509,2.14E+06,3185.4
26/03/2013,3521,3527,3483.5,3496,2.63E+06,3173.6
27/03/2013,3512,3524.5,3487.5,3513.5,2.20E+06,3189.5
28/03/2013,3526,3573.5,3497,3527,2.67E+06,3201.7
29/03/2013,3527,3527,3527,3527,0,3201.7
30/03/2013,3516.7,3541.4,3485.9,3514.1,2.60E+06,3348
31/03/2013,3516.7,3541.4,3485.9,3514.1,2.60E+06,3348
01/04/2013,3527,3527,3527,3527,0,3201.7
02/04/2013,3541,3599.5,3532.5,3590,2.23E+06,3258.9
03/04/2013,3600,3606,3557,3562,2.37E+06,3233.5
04/04/2013,3563.5,3586,3541.5,3549.5,2.01E+06,3222.2
05/04/2013,3560.5,3564,3490,3510,2.45E+06,3186.3
06/04/2013,3516.7,3541.4,3485.9,3514.1,2.60E+06,3348
07/04/2013,3516.7,3541.4,3485.9,3514.1,2.60E+06,3348
08/04/2013,3513.5,3551.1,3501.6,3544,3.32E+06,3217.2
09/04/2013,3562,3562,3519,3530.5,1.78E+06,3204.9
10/04/2013,3549.5,3585.5,3530.6,3580,2.34E+06,3249.9
11/04/2013,3592.5,3618,3571,3600.5,2.21E+06,3268.5
12/04/2013,3587.5,3611.5,3583,3590,2.02E+06,3258.9
13/04/2013,3516.7,3541.4,3485.9,3514.1,2.60E+06,3348
14/04/2013,3516.7,3541.4,3485.9,3514.1,2.60E+06,3348
15/04/2013,3581.5,3615.5,3566.5,3594.5,2.31E+06,3263
16/04/2013,3576.5,3584.5,3531,3531,4.86E+06,3205.4
17/04/2013,3556.5,3567.5,3533.5,3537.5,3.08E+06,3211.3
18/04/2013,3559,3564,3426,3479.5,4.16E+06,3158.6
19/04/2013,3515,3528,3478,3526.5,2.59E+06,3201.3
20/04/2013,3516.7,3541.4,3485.9,3514.1,2.60E+06,3348
21/04/2013,3516.7,3541.4,3485.9,3514.1,2.60E+06,3348
22/04/2013,3544,3547.5,3488.9,3503,2.31E+06,3180
23/04/2013,3518,3572.6,3501.5,3557.5,2.94E+06,3229.4
24/04/2013,3563,3563,3521.8,3548,2.48E+06,3220.8
25/04/2013,3625,3660,3584.5,3591,4.54E+06,3259.8
26/04/2013,3600.5,3607,3573.5,3596.5,1.90E+06,3264.8
27/04/2013,3516.7,3541.4,3485.9,3514.1,2.60E+06,3348
28/04/2013,3516.7,3541.4,3485.9,3514.1,2.60E+06,3348
29/04/2013,3600,3600.5,3579,3591,3.20E+06,3259.8
30/04/2013,3610.5,3610.5,3552.6,3566,3.26E+06,3237.1
01/05/2013,3585,3621.1,3566.5,3604.5,1.55E+06,3272.1
02/05/2013,3576.5,3643,3576.5,3634,2.45E+06,3298.9
03/05/2013,3625.5,3644,3601,3628.5,1.74E+06,3293.9
04/05/2013,3516.7,3541.4,3485.9,3514.1,2.60E+06,3348
05/05/2013,3516.7,3541.4,3485.9,3514.1,2.60E+06,3348
06/05/2013,3628.5,3628.5,3628.5,3628.5,0,3293.9
07/05/2013,3657.5,3657.5,3596,3633,2.09E+06,3298
08/05/2013,3646,3688.5,3625.5,3674,2.38E+06,3335.2
09/05/2013,3669.5,3702,3656,3684.5,1.82E+06,3344.7
10/05/2013,3687.5,3737.5,3687.5,3725,2.48E+06,3381.5
11/05/2013,3516.7,3541.4,3485.9,3514.1,2.60E+06,3348
12/05/2013,3516.7,3541.4,3485.9,3514.1,2.60E+06,3348
13/05/2013,3724.5,3750.5,3709.5,3740,1.97E+06,3395.1
14/05/2013,3738,3758.5,3728,3746.5,1.95E+06,3401
15/05/2013,3763.5,3779.5,3733.5,3757,1.76E+06,3410.5
16/05/2013,3752,3767.5,3736.5,3744,1.87E+06,3398.7
17/05/2013,3739,3766,3700,3762.5,2.20E+06,3415.5
18/05/2013,3516.7,3541.4,3485.9,3514.1,2.60E+06,3348
19/05/2013,3516.7,3541.4,3485.9,3514.1,2.60E+06,3348
20/05/2013,3776,3790,3732.5,3772,1.39E+06,3424.1
21/05/2013,3778,3784,3738.5,3758.5,2.15E+06,3411.9
22/05/2013,3752.5,3770,3725,3752,3.17E+06,3406
23/05/2013,3737.5,3762,3690,3715,3.38E+06,3372.4
24/05/2013,3719.5,3742.5,3676,3706,1.69E+06,3364.2
25/05/2013,3516.7,3541.4,3485.9,3514.1,2.60E+06,3348
26/05/2013,3516.7,3541.4,3485.9,3514.1,2.60E+06,3348
27/05/2013,3706,3706,3706,3706,0,3364.2
28/05/2013,3739,3807,3736.5,3784,2.89E+06,3435
29/05/2013,3768.5,3807.5,3651.5,3667,2.81E+06,3328.8
30/05/2013,3664.5,3686,3628,3660.5,2.02E+06,3322.9
31/05/2013,3659,3675.8,3621.9,3623,3.86E+06,3288.9
01/06/2013,3516.7,3541.4,3485.9,3514.1,2.60E+06,3348
02/06/2013,3516.7,3541.4,3485.9,3514.1,2.60E+06,3348
03/06/2013,3608,3635.5,3577,3603.5,2.18E+06,3271.2
04/06/2013,3630,3654,3603.5,3634,2.13E+06,3298.9
05/06/2013,3620,3638,3556.5,3556.5,2.32E+06,3228.5
06/06/2013,3560,3576.5,3498,3498,2.11E+06,3175.4
07/06/2013,3505,3537.5,3460.5,3527.5,3.54E+06,3202.2
08/06/2013,3516.7,3541.4,3485.9,3514.1,2.60E+06,3348
09/06/2013,3516.7,3541.4,3485.9,3514.1,2.60E+06,3348
10/06/2013,3523,3539,3515,3520,1.73E+06,3195.4
11/06/2013,3513.5,3522.5,3455,3508.5,2.64E+06,3184.9
12/06/2013,3505.5,3538.5,3498,3500.5,1.90E+06,3177.7
13/06/2013,3463,3492.5,3447,3483,2.68E+06,3161.8
14/06/2013,3507,3507,3441,3469,2.29E+06,3149.1
15/06/2013,3516.7,3541.4,3485.9,3514.1,2.60E+06,3348
16/06/2013,3516.7,3541.4,3485.9,3514.1,2.60E+06,3348
17/06/2013,3487,3519,3467.5,3467.5,2.11E+06,3147.7
18/06/2013,3470.5,3501,3466.5,3476.5,2.16E+06,3155.9
19/06/2013,3489,3502.5,3443,3486.5,1.91E+06,3165
20/06/2013,3425.5,3449.5,3330,3345.5,4.91E+06,3037
21/06/2013,3355,3399.5,3327.5,3354,8.31E+06,3044.7
22/06/2013,3516.7,3541.4,3485.9,3514.1,2.60E+06,3348
23/06/2013,3516.7,3541.4,3485.9,3514.1,2.60E+06,3348
24/06/2013,3345,3372.5,3288,3293,3.20E+06,2989.3
25/06/2013,3319.5,3339.5,3287,3325,4.40E+06,3018.4
26/06/2013,3331.5,3394.5,3326,3394.5,3.27E+06,3081.5
27/06/2013,3414.5,3458,3388,3439,3.28E+06,3121.9
28/06/2013,3443,3455.5,3367.5,3367.5,4.12E+06,3056.9
29/06/2013,3516.7,3541.4,3485.9,3514.1,2.60E+06,3348
30/06/2013,3516.7,3541.4,3485.9,3514.1,2.60E+06,3348
01/07/2013,3384.5,3448.5,3381.5,3447,2.45E+06,3129.1
02/07/2013,3437,3459,3404.5,3435.5,1.86E+06,3118.7
03/07/2013,3395.5,3417,3353.5,3382.5,2.30E+06,3070.6
04/07/2013,3405.5,3519.5,3405.5,3506.5,2.76E+06,3183.1
05/07/2013,3505.5,3563,3375.5,3480,3.40E+06,3159.1
06/07/2013,3516.7,3541.4,3485.9,3514.1,2.60E+06,3348
07/07/2013,3516.7,3541.4,3485.9,3514.1,2.60E+06,3348
08/07/2013,3505,3564.6,3483,3537,1.95E+06,3210.8
09/07/2013,3546,3598,3525.4,3553,2.72E+06,3225.3
10/07/2013,3555.5,3584.5,3477.5,3482,3.19E+06,3160.9
11/07/2013,3516,3526.5,3470,3495,2.19E+06,3172.7
12/07/2013,3514,3530,3470,3476,2.01E+06,3155.4
13/07/2013,3516.7,3541.4,3485.9,3514.1,2.60E+06,3348
14/07/2013,3516.7,3541.4,3485.9,3514.1,2.60E+06,3348
15/07/2013,3486,3518.5,3468,3508.5,1.79E+06,3184.9
16/07/2013,3511.5,3542.5,3491,3495.5,2.20E+06,3173.1
17/07/2013,3526.5,3529,3459.5,3508,2.35E+06,3184.5
18/07/2013,3507.5,3537,3471.5,3501,3.73E+06,3178.1
19/07/2013,3512.5,3525.5,3455,3470.5,3.67E+06,3150.4
20/07/2013,3516.7,3541.4,3485.9,3514.1,2.60E+06,3348
21/07/2013,3516.7,3541.4,3485.9,3514.1,2.60E+06,3348
22/07/2013,3480.5,3512.6,3466.5,3489,1.33E+06,3167.2
23/07/2013,3493.5,3511.1,3446,3446,3.41E+06,3128.2
24/07/2013,3442,3478.5,3432,3450,2.48E+06,3131.8
25/07/2013,3450.5,3459.5,3395,3421,1.80E+06,3105.5
26/07/2013,3443.5,3467,3413.5,3418.5,1.76E+06,3103.2
27/07/2013,3516.7,3541.4,3485.9,3514.1,2.60E+06,3348
28/07/2013,3516.7,3541.4,3485.9,3514.1,2.60E+06,3348
29/07/2013,3428.5,3464,3428.5,3448,1.68E+06,3130
30/07/2013,3455.5,3493,3455.5,3462.5,1.98E+06,3143.2
31/07/2013,3483.5,3559,3454,3506,2.97E+06,3182.7
01/08/2013,3527.5,3590.8,3525,3576.5,2.47E+06,3246.7
02/08/2013,3582,3591.1,3525,3546,2.14E+06,3219
03/08/2013,3516.7,3541.4,3485.9,3514.1,2.60E+06,3348
04/08/2013,3516.7,3541.4,3485.9,3514.1,2.60E+06,3348
05/08/2013,3549.5,3574.5,3511.5,3529.5,1.51E+06,3204
06/08/2013,3517,3539,3491.5,3523.5,2.93E+06,3198.6
07/08/2013,3510.5,3529,3443.5,3443.5,2.64E+06,3125.9
08/08/2013,3451.5,3467,3414,3447.5,2.46E+06,3129.6
09/08/2013,3461.5,3470,3428.5,3465,1.44E+06,3145.5
10/08/2013,3516.7,3541.4,3485.9,3514.1,2.60E+06,3348
11/08/2013,3516.7,3541.4,3485.9,3514.1,2.60E+06,3348
12/08/2013,3480,3480,3434.6,3450,1.52E+06,3131.8
13/08/2013,3452.5,3477.5,3438.5,3462,1.74E+06,3142.7
14/08/2013,3465,3493,3448,3448,2.08E+06,3130
15/08/2013,3457,3479.5,3402.5,3412.5,2.41E+06,3097.8
16/08/2013,3420,3463.6,3385.5,3398,2.45E+06,3084.6
17/08/2013,3516.7,3541.4,3485.9,3514.1,2.60E+06,3348
18/08/2013,3516.7,3541.4,3485.9,3514.1,2.60E+06,3348
19/08/2013,3410,3418.7,3373,3393.5,1.67E+06,3080.6
20/08/2013,3400,3418,3377,3406.5,1.71E+06,3092.4
21/08/2013,3374.5,3382,3317.5,3320,2.11E+06,3054.2
22/08/2013,3315.5,3342.5,3306,3328,2.19E+06,3061.5
23/08/2013,3327.5,3340,3309,3331,2.63E+06,3064.3
24/08/2013,3516.7,3541.4,3485.9,3514.1,2.60E+06,3348
25/08/2013,3516.7,3541.4,3485.9,3514.1,2.60E+06,3348
26/08/2013,3331,3331,3331,3331,0,3064.3
27/08/2013,3255,3317,3255,3278,5.06E+06,3015.5
28/08/2013,3269,3286,3232,3243,2.42E+06,2983.3
29/08/2013,3249,3280.3,3239.5,3271,1.98E+06,3009.1
30/08/2013,3284.5,3302.5,3254,3255,3.11E+06,2994.4
31/08/2013,3516.7,3541.4,3485.9,3514.1,2.60E+06,3348
01/09/2013,3516.7,3541.4,3485.9,3514.1,2.60E+06,3348
02/09/2013,3275,3312,3269,3275,1.68E+06,3012.8
03/09/2013,3273.5,3303.5,3254.5,3264,2.25E+06,3002.7
04/09/2013,3261.5,3261.5,3232.5,3254,1.70E+06,2993.5
05/09/2013,3260,3285.5,3222.5,3269.5,2.27E+06,3007.7
06/09/2013,3263.5,3289.5,3245.5,3289.5,2.54E+06,3026.1
07/09/2013,3516.7,3541.4,3485.9,3514.1,2.60E+06,3348
08/09/2013,3516.7,3541.4,3485.9,3514.1,2.60E+06,3348
09/09/2013,3340.5,3351,3304,3308,2.27E+06,3043.1
10/09/2013,3327,3344.5,3320,3320,1.87E+06,3054.2
11/09/2013,3326.5,3381.2,3313,3329,2.89E+06,3062.5
12/09/2013,3336.5,3398,3310,3316,2.59E+06,3050.5
13/09/2013,3296,3316.5,3295.5,3306,1.64E+06,3041.3
14/09/2013,3516.7,3541.4,3485.9,3514.1,2.60E+06,3348
15/09/2013,3516.7,3541.4,3485.9,3514.1,2.60E+06,3348
16/09/2013,3345,3364.5,3321.5,3352,2.00E+06,3083.6
17/09/2013,3335.5,3375,3335.5,3346,3.05E+06,3078.1
18/09/2013,3353,3356.5,3313,3324.5,2.65E+06,3058.3
19/09/2013,3365,3421.5,3357.5,3373.5,7.82E+06,3103.4
20/09/2013,3365,3380,3351,3355.5,3.80E+06,3086.8
21/09/2013,3516.7,3541.4,3485.9,3514.1,2.60E+06,3348
22/09/2013,3516.7,3541.4,3485.9,3514.1,2.60E+06,3348
23/09/2013,3362.5,3380,3346.5,3348,1.58E+06,3079.9
24/09/2013,3342.5,3348,3322,3325.5,1.59E+06,3059.2
25/09/2013,3319,3339.5,3300.5,3304,2.02E+06,3039.5
26/09/2013,3315,3337,3304.5,3328.5,1.52E+06,3062
27/09/2013,3332,3340.5,3280.7,3295,1.85E+06,3031.2
28/09/2013,3516.7,3541.4,3485.9,3514.1,2.60E+06,3348
29/09/2013,3516.7,3541.4,3485.9,3514.1,2.60E+06,3348
30/09/2013,3258.5,3285,3251,3276.5,2.33E+06,3014.2
01/10/2013,3245,3269.5,3200.5,3204,3.45E+06,2947.5
02/10/2013,3199,3206.1,3158,3178,3.90E+06,2923.5
03/10/2013,3199.5,3209,3182.5,3190,3.69E+06,2934.6
04/10/2013,3195.5,3231.5,3189.5,3198,2.82E+06,2941.9
05/10/2013,3516.7,3541.4,3485.9,3514.1,2.60E+06,3348
06/10/2013,3516.7,3541.4,3485.9,3514.1,2.60E+06,3348
07/10/2013,3200,3201.5,3178,3200,2.02E+06,2943.8
08/10/2013,3203.5,3232.7,3192,3212,4.41E+06,2954.8
09/10/2013,3205,3222,3192,3205,2.65E+06,2948.4
10/10/2013,3213.5,3244.5,3201,3235,2.31E+06,2976
11/10/2013,3250,3250,3209,3233,2.17E+06,2974.1
12/10/2013,3516.7,3541.4,3485.9,3514.1,2.60E+06,3348
13/10/2013,3516.7,3541.4,3485.9,3514.1,2.60E+06,3348
14/10/2013,3230,3251,3221.5,3232,1.95E+06,2973.2
15/10/2013,3252.5,3262,3217.5,3221,2.82E+06,2963.1
16/10/2013,3214,3259,3205.5,3250,3.79E+06,2989.8
17/10/2013,3243,3314,3243,3314,3.28E+06,3048.7
18/10/2013,3330,3332.2,3287.5,3322,3.10E+06,3056
19/10/2013,3516.7,3541.4,3485.9,3514.1,2.60E+06,3348
20/10/2013,3516.7,3541.4,3485.9,3514.1,2.60E+06,3348
21/10/2013,3334,3340.5,3300.5,3336,2.34E+06,3068.9
22/10/2013,3347.5,3416,3339.5,3385,4.10E+06,3114
23/10/2013,3369,3400,3350,3386,2.13E+06,3114.9
24/10/2013,3420,3420.5,3376.5,3390,2.08E+06,3118.6
25/10/2013,3377.5,3417,3362.5,3415,3.54E+06,3141.6
26/10/2013,3516.7,3541.4,3485.9,3514.1,2.60E+06,3348
27/10/2013,3516.7,3541.4,3485.9,3514.1,2.60E+06,3348
28/10/2013,3415,3445.5,3401,3443.5,2.15E+06,3167.8
29/10/2013,3451.5,3480,3415.5,3450,2.44E+06,3173.8
30/10/2013,3450,3459,3429,3438.5,2.06E+06,3163.2
31/10/2013,3433,3461.5,3414,3436,3.01E+06,3160.9
01/11/2013,3449.5,3449.5,3417.5,3435.5,1.49E+06,3160.4
02/11/2013,3516.7,3541.4,3485.9,3514.1,2.60E+06,3348
03/11/2013,3516.7,3541.4,3485.9,3514.1,2.60E+06,3348
04/11/2013,3444,3454,3420.5,3434.5,1.47E+06,3159.5
05/11/2013,3438,3438,3408.5,3434,1.62E+06,3159
06/11/2013,3444.5,3454.5,3425.1,3434.5,2.45E+06,3159.5
07/11/2013,3446,3466.5,3417,3428,2.05E+06,3153.5
08/11/2013,3421,3434.5,3395,3426,1.78E+06,3151.7
09/11/2013,3516.7,3541.4,3485.9,3514.1,2.60E+06,3348
10/11/2013,3516.7,3541.4,3485.9,3514.1,2.60E+06,3348
11/11/2013,3443.5,3453,3422.5,3446.5,1.36E+06,3170.5
12/11/2013,3447,3447,3409.5,3423,3.00E+06,3148.9
13/11/2013,3424,3434.5,3374.5,3380,2.29E+06,3109.4
14/11/2013,3405,3413.8,3376,3379.5,2.66E+06,3108.9
15/11/2013,3389.5,3397,3377.5,3387,2.82E+06,3115.8
16/11/2013,3516.7,3541.4,3485.9,3514.1,2.60E+06,3348
17/11/2013,3516.7,3541.4,3485.9,3514.1,2.60E+06,3348
18/11/2013,3383,3395,3368,3379,2.81E+06,3108.4
19/11/2013,3372,3384,3368.5,3369.5,1.76E+06,3099.7
20/11/2013,3362,3373.5,3353.5,3360,1.79E+06,3091
21/11/2013,3312,3325,3281,3281,2.90E+06,3018.3
22/11/2013,3281,3292.5,3262.5,3271,2.15E+06,3009.1
23/11/2013,3516.7,3541.4,3485.9,3514.1,2.60E+06,3348
24/11/2013,3516.7,3541.4,3485.9,3514.1,2.60E+06,3348
25/11/2013,3285.5,3303,3283.9,3300,2.83E+06,3035.8
26/11/2013,3290,3307,3266.4,3268,2.99E+06,3006.3
27/11/2013,3267.5,3287,3262,3273,1.94E+06,3010.9
28/11/2013,3250,3258.5,3217.5,3250.5,1.90E+06,2990.2
29/11/2013,3248.5,3269.5,3244.7,3261,1.86E+06,2999.9
30/11/2013,3516.7,3541.4,3485.9,3514.1,2.60E+06,3348
01/12/2013,3516.7,3541.4,3485.9,3514.1,2.60E+06,3348
02/12/2013,3268.5,3278.5,3223.5,3223.5,1.78E+06,2965.4
03/12/2013,3218,3229.5,3185,3185,2.34E+06,2930
04/12/2013,3190.5,3226.3,3189,3209.5,2.76E+06,2952.5
05/12/2013,3213,3218.5,3191,3196.5,1.80E+06,2940.6
06/12/2013,3207,3210.5,3176,3195,2.12E+06,2939.2
07/12/2013,3516.7,3541.4,3485.9,3514.1,2.60E+06,3348
08/12/2013,3516.7,3541.4,3485.9,3514.1,2.60E+06,3348
09/12/2013,3201,3202.5,3170.5,3181.5,2.16E+06,2926.8
10/12/2013,3166.5,3189,3156,3160,2.31E+06,2907
11/12/2013,3163,3182.7,3155,3166,2.64E+06,2912.5
12/12/2013,3150.5,3169.5,3125.5,3142.5,2.76E+06,2890.9
13/12/2013,3132,3144.5,3118,3124.5,1.94E+06,2874.3
14/12/2013,3516.7,3541.4,3485.9,3514.1,2.60E+06,3348
15/12/2013,3516.7,3541.4,3485.9,3514.1,2.60E+06,3348
16/12/2013,3126.5,3174,3119.5,3172,1.95E+06,2918
17/12/2013,3156,3173,3148,3148,2.52E+06,2895.9
18/12/2013,3170,3190,3162.5,3172.5,2.56E+06,2918.5
19/12/2013,3186,3199,3183,3194,2.32E+06,2938.3
20/12/2013,3186.5,3208,3162.5,3175.5,6.55E+06,2921.2
21/12/2013,3516.7,3541.4,3485.9,3514.1,2.60E+06,3348
22/12/2013,3516.7,3541.4,3485.9,3514.1,2.60E+06,3348
23/12/2013,3183,3214,3183,3214,2.38E+06,2956.7
24/12/2013,3211,3244,3199.5,3213.5,2.87E+05,2956.2
25/12/2013,3213.5,3213.5,3213.5,3213.5,0,2956.2
26/12/2013,3213.5,3213.5,3213.5,3213.5,0,2956.2
27/12/2013,3238.5,3257.5,3219.5,3252.5,9.65E+05,2992.1
28/12/2013,3516.7,3541.4,3485.9,3514.1,2.60E+06,3348
29/12/2013,3516.7,3541.4,3485.9,3514.1,2.60E+06,3348
30/12/2013,3255.5,3255.5,3201.5,3220.5,1.52E+06,2962.6
31/12/2013,3223,3238,3213.2,3238,4.93E+05,2978.7
01/01/2014,3238,3238,3238,3238,0,2978.7
02/01/2014,3252.5,3252.5,3207,3207.5,2.05E+06,2950.7
03/01/2014,3208,3229,3196.5,3200,1.35E+06,2943.8
04/01/2014,3516.7,3541.4,3485.9,3514.1,2.60E+06,3348
05/01/2014,3516.7,3541.4,3485.9,3514.1,2.60E+06,3348
06/01/2014,3195.5,3219,3186,3205.5,1.51E+06,2948.8
07/01/2014,3202,3219.5,3185.5,3185.5,2.11E+06,2930.4
08/01/2014,3168,3194,3087.5,3154.5,3.27E+06,2901.9
09/01/2014,3153,3166.5,3105,3111.5,2.59E+06,2862.4
10/01/2014,3142,3143,3081.5,3084.5,3.39E+06,2837.5
11/01/2014,3516.7,3541.4,3485.9,3514.1,2.60E+06,3348
12/01/2014,3516.7,3541.4,3485.9,3514.1,2.60E+06,3348
13/01/2014,3089,3096,3018,3042.5,4.89E+06,2798.9
14/01/2014,3040,3075.1,3025,3054,2.86E+06,2809.5
15/01/2014,3080,3086,3073,3084,2.45E+06,2837.1
16/01/2014,3081.5,3093.5,3059,3085,3.55E+06,2838
17/01/2014,3088,3105,3063.5,3075,4.14E+06,2828.8
18/01/2014,3516.7,3541.4,3485.9,3514.1,2.60E+06,3348
19/01/2014,3516.7,3541.4,3485.9,3514.1,2.60E+06,3348
20/01/2014,3080,3127,3073.3,3121,1.79E+06,2871.1
21/01/2014,3125,3163,3114.5,3148,3.28E+06,2895.9
22/01/2014,3150,3177,3149.5,3167,2.59E+06,2913.4
23/01/2014,3163,3192,3121,3126.5,2.78E+06,2876.2
24/01/2014,3120.5,3146.5,3068,3073.5,3.47E+06,2827.4
25/01/2014,3516.7,3541.4,3485.9,3514.1,2.60E+06,3348
26/01/2014,3516.7,3541.4,3485.9,3514.1,2.60E+06,3348
27/01/2014,3073,3078,3022,3024.5,3.29E+06,2782.3
28/01/2014,3025,3032,2979.5,2985,3.15E+06,2746
29/01/2014,3000.5,3001,2922.8,2929,4.27E+06,2694.5
30/01/2014,2938.5,2939,2877.5,2889.5,5.27E+06,2658.1
31/01/2014,2915.5,2958.5,2871,2916,4.70E+06,2682.5
01/02/2014,3516.7,3541.4,3485.9,3514.1,2.60E+06,3348
02/02/2014,3516.7,3541.4,3485.9,3514.1,2.60E+06,3348
03/02/2014,2914.5,2944.5,2903,2916.5,2.56E+06,2683
04/02/2014,2900,2922,2900,2903.5,3.63E+06,2671
05/02/2014,2906,2920.5,2878.5,2881,3.07E+06,2650.3
06/02/2014,2891,2932.5,2884,2928,3.43E+06,2693.6
07/02/2014,2935.5,2953.5,2910.5,2925,2.41E+06,2690.8
08/02/2014,3516.7,3541.4,3485.9,3514.1,2.60E+06,3348
09/02/2014,3516.7,3541.4,3485.9,3514.1,2.60E+06,3348
10/02/2014,2938,2966.5,2935,2966.5,2.12E+06,2729
11/02/2014,2984.5,2995.5,2967.5,2993,3.09E+06,2753.4
12/02/2014,3000,3012.5,2985,2995,3.64E+06,2755.2
13/02/2014,2994.5,3063.5,2986.5,3052,4.47E+06,2807.6
14/02/2014,3042.5,3049,3022.1,3047,2.27E+06,2803
15/02/2014,3516.7,3541.4,3485.9,3514.1,2.60E+06,3348
16/02/2014,3516.7,3541.4,3485.9,3514.1,2.60E+06,3348
17/02/2014,3058,3109.9,3046.4,3108.5,2.44E+06,2859.6
18/02/2014,3122.5,3146.5,3096,3141,3.74E+06,2889.5
19/02/2014,3118.5,3132.5,3101,3126.5,4.68E+06,2876.2
20/02/2014,3100.5,3152,3091.5,3152,3.71E+06,2899.6
21/02/2014,3148.5,3173,3143.5,3155,4.15E+06,2902.4
22/02/2014,3516.7,3541.4,3485.9,3514.1,2.60E+06,3348
23/02/2014,3516.7,3541.4,3485.9,3514.1,2.60E+06,3348
24/02/2014,3141,3182.5,3119.2,3182.5,3.55E+06,2927.7
25/02/2014,3177.5,3189.5,3142,3176.5,5.32E+06,2922.2
26/02/2014,3172.5,3193,3153.5,3174,2.42E+06,2919.9
27/02/2014,3185,3240,3129,3219.5,5.22E+06,2961.7
28/02/2014,3236,3274.6,3227.6,3250,4.90E+06,2989.8
01/03/2014,3516.7,3541.4,3485.9,3514.1,2.60E+06,3348
02/03/2014,3516.7,3541.4,3485.9,3514.1,2.60E+06,3348
03/03/2014,3200,3227,3184.4,3210.5,4.04E+06,2953.4
04/03/2014,3256,3288.5,3250.5,3286.5,3.43E+06,3023.4
05/03/2014,3291.5,3347,3279.5,3325,5.07E+06,3058.8
06/03/2014,3325,3344.5,3296.5,3335,4.33E+06,3068
07/03/2014,3340,3340,3290,3290,3.34E+06,3026.6
08/03/2014,3516.7,3541.4,3485.9,3514.1,2.60E+06,3348
09/03/2014,3516.7,3541.4,3485.9,3514.1,2.60E+06,3348
10/03/2014,3300,3351,3300,3340.5,3.31E+06,3073
11/03/2014,3340,3352,3315,3334.5,3.69E+06,3067.5
12/03/2014,3226,3240,3205.5,3218,3.63E+06,3049.4
13/03/2014,3220,3230.5,3196.5,3200,3.17E+06,3032.4
14/03/2014,3189.5,3241.5,3188.5,3224,4.21E+06,3055.1
15/03/2014,3516.7,3541.4,3485.9,3514.1,2.60E+06,3348
16/03/2014,3516.7,3541.4,3485.9,3514.1,2.60E+06,3348
17/03/2014,3224,3224,3179,3200.5,3.16E+06,3032.8
18/03/2014,3195,3266.5,3162,3253,3.09E+06,3082.6
19/03/2014,3258,3264,3221.5,3233,2.53E+06,3063.6
20/03/2014,3221,3225.8,3189,3214.5,3.19E+06,3046.1
21/03/2014,3208,3244.5,3200.5,3239,5.48E+06,3069.3
22/03/2014,3516.7,3541.4,3485.9,3514.1,2.60E+06,3348
23/03/2014,3516.7,3541.4,3485.9,3514.1,2.60E+06,3348
24/03/2014,3230.5,3230.5,3200.5,3213.5,3.73E+06,3045.1
25/03/2014,3220.5,3251.5,3211.5,3250.5,2.72E+06,3080.2
26/03/2014,3246.5,3270,3224,3235,3.34E+06,3065.5
27/03/2014,3224.5,3287,3216.7,3287,2.93E+06,3114.8
28/03/2014,3287.5,3340,3274,3340,3.85E+06,3165
29/03/2014,3516.7,3541.4,3485.9,3514.1,2.60E+06,3348
30/03/2014,3516.7,3541.4,3485.9,3514.1,2.60E+06,3348
31/03/2014,3357,3446.2,3322,3335.5,4.09E+06,3160.8
01/04/2014,3345.5,3355.6,3300.7,3330.5,3.97E+06,3156
02/04/2014,3339,3339,3302,3307,2.23E+06,3133.8
03/04/2014,3312.5,3325,3298,3323.5,2.81E+06,3149.4
04/04/2014,3360,3360,3320,3346.5,3.16E+06,3171.2
05/04/2014,3516.7,3541.4,3485.9,3514.1,2.60E+06,3348
06/04/2014,3516.7,3541.4,3485.9,3514.1,2.60E+06,3348
07/04/2014,3323,3356.5,3316,3328.5,2.12E+06,3154.1
08/04/2014,3316,3395.5,3305.5,3390,4.04E+06,3212.4
09/04/2014,3392.5,3431,3377,3400,2.84E+06,3221.9
10/04/2014,3413,3433.6,3391.5,3428,2.13E+06,3248.4
11/04/2014,3405.5,3497.4,3383.7,3392.5,2.42E+06,3214.8
12/04/2014,3516.7,3541.4,3485.9,3514.1,2.60E+06,3348
13/04/2014,3516.7,3541.4,3485.9,3514.1,2.60E+06,3348
14/04/2014,3380.5,3545.9,3365,3451,4.14E+06,3270.2
15/04/2014,3445,3467,3421,3435.5,2.83E+06,3255.5
16/04/2014,3446,3452,3407,3415.5,3.53E+06,3236.6
17/04/2014,3414.5,3414.5,3363.5,3407,3.88E+06,3228.5
18/04/2014,3407,3407,3407,3407,0,3228.5
19/04/2014,3516.7,3541.4,3485.9,3514.1,2.60E+06,3348
20/04/2014,3516.7,3541.4,3485.9,3514.1,2.60E+06,3348
21/04/2014,3407,3407,3407,3407,0,3228.5
22/04/2014,3407,3444.5,3392.3,3423.5,4.77E+06,3244.1
23/04/2014,3435.5,3459.5,3411.5,3417,2.54E+06,3238
24/04/2014,3430,3432.5,3384.5,3424.5,2.04E+06,3245.1
25/04/2014,3411.5,3427.5,3395,3424.5,3.38E+06,3245.1
26/04/2014,3516.7,3541.4,3485.9,3514.1,2.60E+06,3348
27/04/2014,3516.7,3541.4,3485.9,3514.1,2.60E+06,3348
28/04/2014,3424.5,3475,3408,3459,2.27E+06,3277.8
29/04/2014,3489.5,3489.5,3449,3487,3.60E+06,3304.3
30/04/2014,3430,3500.3,3399,3417,3.80E+06,3238
01/05/2014,3418,3461.5,3406,3449,1.28E+06,3268.3
02/05/2014,3444.5,3449,3380.5,3396.5,2.86E+06,3218.6
03/05/2014,3516.7,3541.4,3485.9,3514.1,2.60E+06,3348
04/05/2014,3516.7,3541.4,3485.9,3514.1,2.60E+06,3348
05/05/2014,3396.5,3396.5,3396.5,3396.5,0,3218.6
06/05/2014,3411.5,3416.9,3362.5,3366.5,3.40E+06,3190.1
07/05/2014,3374,3415.5,3371,3415.5,2.55E+06,3236.6
08/05/2014,3430,3449.5,3417,3436,2.66E+06,3256
09/05/2014,3430.5,3446,3405.3,3417.5,3.28E+06,3238.5
10/05/2014,3516.7,3541.4,3485.9,3514.1,2.60E+06,3348
11/05/2014,3516.7,3541.4,3485.9,3514.1,2.60E+06,3348
12/05/2014,3469,3478.5,3451,3458.5,2.24E+06,3277.3
13/05/2014,3471.5,3473,3435,3450.5,2.31E+06,3269.7
14/05/2014,3455,3467.5,3429,3464.5,1.79E+06,3283
15/05/2014,3460,3478,3430.5,3466.5,2.73E+06,3284.9
16/05/2014,3479.5,3527,3445,3513,3.94E+06,3329
17/05/2014,3516.7,3541.4,3485.9,3514.1,2.60E+06,3348
18/05/2014,3516.7,3541.4,3485.9,3514.1,2.60E+06,3348
19/05/2014,3527,3547,3513.5,3528,2.78E+06,3343.2
20/05/2014,3539.5,3539.5,3484,3503.5,1.55E+06,3320
21/05/2014,3507,3526.2,3501,3526,3.10E+06,3341.3
22/05/2014,3586.5,3625,3543,3543,3.74E+06,3357.4
23/05/2014,3548,3553,3503,3515.7,1.53E+06,3331.5
24/05/2014,3516.7,3541.4,3485.9,3514.1,2.60E+06,3348
25/05/2014,3516.7,3541.4,3485.9,3514.1,2.60E+06,3348
26/05/2014,3515.7,3515.7,3515.7,3515.7,0,3331.5
27/05/2014,3531.5,3550,3508,3537.5,2.08E+06,3352.2
28/05/2014,3532,3544.2,3504.5,3537,1.53E+06,3351.7
29/05/2014,3537.5,3598.5,3532.8,3579,1.24E+06,3391.5
30/05/2014,3576,3622.7,3570.8,3600.5,2.99E+06,3411.9
31/05/2014,3516.7,3541.4,3485.9,3514.1,2.60E+06,3348
01/06/2014,3516.7,3541.4,3485.9,3514.1,2.60E+06,3348
02/06/2014,3616.5,3616.5,3571.5,3584.5,1.90E+06,3396.7
03/06/2014,3581,3589,3536,3569.5,2.36E+06,3382.5
04/06/2014,3570,3589.5,3553,3568.5,1.85E+06,3381.6
05/06/2014,3568.5,3579,3527.5,3535,2.06E+06,3349.8
06/06/2014,3551.5,3553.5,3506,3541,2.16E+06,3355.5
07/06/2014,3516.7,3541.4,3485.9,3514.1,2.60E+06,3348
08/06/2014,3516.7,3541.4,3485.9,3514.1,2.60E+06,3348
09/06/2014,3548.5,3552.5,3526.5,3531.5,1.49E+06,3346.5
10/06/2014,3533.5,3552.6,3500,3545.5,2.24E+06,3359.8
11/06/2014,3551,3562.5,3525,3543,2.09E+06,3357.4
12/06/2014,3556.5,3574,3552,3555.5,1.84E+06,3369.2
13/06/2014,3538.5,3556.5,3503,3520,2.67E+06,3335.6
14/06/2014,3516.7,3541.4,3485.9,3514.1,2.60E+06,3348
15/06/2014,3516.7,3541.4,3485.9,3514.1,2.60E+06,3348
16/06/2014,3527,3548.5,3507.5,3514.5,1.89E+06,3330.4
17/06/2014,3530,3558,3516,3544.5,1.83E+06,3358.8
18/06/2014,3557,3578.5,3537.5,3542,1.85E+06,3356.4
19/06/2014,3567.5,3601,3555,3585,2.64E+06,3397.2
20/06/2014,3586.5,3606,3573.5,3596,3.57E+06,3407.6
21/06/2014,3516.7,3541.4,3485.9,3514.1,2.60E+06,3348
22/06/2014,3516.7,3541.4,3485.9,3514.1,2.60E+06,3348
23/06/2014,3598.5,3614,3541,3544.5,2.93E+06,3358.8
24/06/2014,3549,3574.5,3539.5,3560,1.79E+06,3373.5
25/06/2014,3550.5,3563.5,3516,3522,2.21E+06,3337.5
26/06/2014,3528,3528,3465.5,3495,3.04E+06,3311.9
27/06/2014,3498.5,3503,3471,3476,1.92E+06,3293.9
28/06/2014,3516.7,3541.4,3485.9,3514.1,2.60E+06,3348
29/06/2014,3516.7,3541.4,3485.9,3514.1,2.60E+06,3348
30/06/2014,3473.5,3494.5,3467.5,3478,2.63E+06,3295.8
01/07/2014,3481,3524,3463.5,3524,1.71E+06,3339.4
02/07/2014,3524,3535.5,3502.5,3531.5,2.02E+06,3346.5
03/07/2014,3524.5,3584.5,3519,3584,2.51E+06,3396.2
04/07/2014,3588,3615,3569.5,3603,1.88E+06,3414.2
05/07/2014,3516.7,3541.4,3485.9,3514.1,2.60E+06,3348
06/07/2014,3516.7,3541.4,3485.9,3514.1,2.60E+06,3348
07/07/2014,3599,3607,3572.5,3575,2.07E+06,3387.7
08/07/2014,3591.5,3594,3554.5,3555.5,1.72E+06,3369.2
09/07/2014,3542.5,3557,3540.5,3547.5,1.78E+06,3361.7
10/07/2014,3538.5,3552.4,3509.5,3521,2.53E+06,3336.5
11/07/2014,3560,3598,3518,3528,2.69E+06,3343.2
12/07/2014,3516.7,3541.4,3485.9,3514.1,2.60E+06,3348
13/07/2014,3516.7,3541.4,3485.9,3514.1,2.60E+06,3348
14/07/2014,3551.5,3606,3539.4,3595.5,1.99E+06,3407.1
15/07/2014,3588,3593,3522,3532,2.78E+06,3347
16/07/2014,3553,3555.5,3486.5,3508.5,2.99E+06,3324.7
17/07/2014,3508,3549.5,3490.5,3535,2.31E+06,3349.8
18/07/2014,3534,3547,3514.5,3532,2.12E+06,3347
19/07/2014,3516.7,3541.4,3485.9,3514.1,2.60E+06,3348
20/07/2014,3516.7,3541.4,3485.9,3514.1,2.60E+06,3348
21/07/2014,3500,3514.5,3489.5,3500,1.67E+06,3316.6
22/07/2014,3515.5,3530.5,3504,3528.5,1.92E+06,3343.6
23/07/2014,3526,3558,3510.3,3550,1.87E+06,3364
24/07/2014,3555,3574.5,3533,3557,1.55E+06,3370.7
25/07/2014,3542,3556,3527,3539.5,1.45E+06,3354.1
26/07/2014,3516.7,3541.4,3485.9,3514.1,2.60E+06,3348
27/07/2014,3516.7,3541.4,3485.9,3514.1,2.60E+06,3348
28/07/2014,3549,3570.5,3535,3547.5,1.52E+06,3361.7
29/07/2014,3537,3569.5,3536.1,3567.5,2.11E+06,3380.6
30/07/2014,3551,3559.5,3520,3523.5,3.18E+06,3338.9
31/07/2014,3515,3528.5,3481,3483,2.96E+06,3300.5
01/08/2014,3485,3491.5,3414,3443.5,2.43E+06,3263.1
02/08/2014,3516.7,3541.4,3485.9,3514.1,2.60E+06,3348
03/08/2014,3516.7,3541.4,3485.9,3514.1,2.60E+06,3348
04/08/2014,3453,3456,3407.5,3417.5,2.02E+06,3238.5
05/08/2014,3418.5,3462,3418.5,3445,1.50E+06,3264.5
06/08/2014,3435,3454,3407,3447,2.92E+06,3266.4
07/08/2014,3452,3453.5,3413.5,3416.5,1.84E+06,3237.5
08/08/2014,3406,3425.5,3385.5,3418,2.46E+06,3238.9
09/08/2014,3516.7,3541.4,3485.9,3514.1,2.60E+06,3348
10/08/2014,3516.7,3541.4,3485.9,3514.1,2.60E+06,3348
11/08/2014,3442,3469,3430,3448.5,2.02E+06,3267.8
12/08/2014,3451,3459.5,3436,3448,1.40E+06,3267.4
13/08/2014,3476.5,3492.5,3458.7,3478.5,1.51E+06,3296.3
14/08/2014,3475.5,3521.5,3464.3,3501.5,1.96E+06,3318.1
15/08/2014,3500,3549.5,3497.5,3519,2.01E+06,3334.6
16/08/2014,3516.7,3541.4,3485.9,3514.1,2.60E+06,3348
17/08/2014,3516.7,3541.4,3485.9,3514.1,2.60E+06,3348
18/08/2014,3537,3557,3519.5,3550.5,1.61E+06,3364.5
19/08/2014,3591.5,3594,3562,3581.5,8.21E+06,3393.9
20/08/2014,3539.5,3539.5,3501.5,3517.5,2.12E+06,3378
21/08/2014,3517.5,3542.5,3400,3516.5,1.29E+06,3377.1
22/08/2014,3525.5,3525.5,3483,3498.5,1.28E+06,3359.8
23/08/2014,3516.7,3541.4,3485.9,3514.1,2.60E+06,3348
24/08/2014,3516.7,3541.4,3485.9,3514.1,2.60E+06,3348
25/08/2014,3498.5,3498.5,3498.5,3498.5,0,3359.8
26/08/2014,3569.5,3569.5,3518,3530.5,1.60E+06,3390.5
27/08/2014,3535,3535.5,3502.5,3531,2.33E+06,3391
28/08/2014,3535.5,3546.5,3518.6,3530,1.64E+06,3390
29/08/2014,3540,3563,3485.8,3553.5,2.98E+06,3412.6
30/08/2014,3516.7,3541.4,3485.9,3514.1,2.60E+06,3348
31/08/2014,3516.7,3541.4,3485.9,3514.1,2.60E+06,3348
01/09/2014,3543.5,3564,3526,3552,1.13E+06,3411.2
02/09/2014,3559,3583.5,3548.5,3565.5,1.53E+06,3424.1
03/09/2014,3580,3600,3568,3568.5,2.70E+06,3427
04/09/2014,3537.5,3608,3531,3597,3.23E+06,3454.4
05/09/2014,3593.5,3596.5,3570.5,3584,1.65E+06,3441.9
06/09/2014,3516.7,3541.4,3485.9,3514.1,2.60E+06,3348
07/09/2014,3516.7,3541.4,3485.9,3514.1,2.60E+06,3348
08/09/2014,3576.5,3608.5,3554.5,3607.5,2.38E+06,3464.5
09/09/2014,3590,3605,3587,3594.5,1.36E+06,3452
10/09/2014,3584.5,3629.2,3557,3615.5,2.09E+06,3472.1
11/09/2014,3619,3630,3601,3620,1.61E+06,3476.5
12/09/2014,3635,3650,3625.2,3629.5,2.53E+06,3485.6
13/09/2014,3516.7,3541.4,3485.9,3514.1,2.60E+06,3348
14/09/2014,3516.7,3541.4,3485.9,3514.1,2.60E+06,3348
15/09/2014,3612.5,3649.5,3611.5,3633.5,2.31E+06,3489.4
16/09/2014,3640,3640,3589,3601.5,3.35E+06,3458.7
17/09/2014,3612.5,3650,3602.5,3609.5,1.99E+06,3466.4
18/09/2014,3616.5,3619,3596,3615,2.32E+06,3471.7
19/09/2014,3656.5,3656.5,3624.5,3629,1.24E+07,3485.1
20/09/2014,3516.7,3541.4,3485.9,3514.1,2.60E+06,3348
21/09/2014,3516.7,3541.4,3485.9,3514.1,2.60E+06,3348
22/09/2014,3635,3635,3586.5,3617.5,1.50E+06,3474.1
23/09/2014,3623,3628,3533,3543.5,2.54E+06,3403
24/09/2014,3538,3574,3525.8,3567,5.98E+06,3425.6
25/09/2014,3578,3588,3506.5,3529,2.64E+06,3389.1
26/09/2014,3530,3530,3485,3506,1.83E+06,3367
27/09/2014,3516.7,3541.4,3485.9,3514.1,2.60E+06,3348
28/09/2014,3516.7,3541.4,3485.9,3514.1,2.60E+06,3348
29/09/2014,3517.5,3517.5,3480.5,3502,2.10E+06,3363.1
30/09/2014,3511,3514.5,3469.5,3482,3.59E+06,3343.9
01/10/2014,3486.5,3500,3465,3480,2.48E+06,3342
02/10/2014,3480,3494,3453.3,3455,2.46E+06,3318
03/10/2014,3478.5,3504.5,3456.5,3475.5,2.01E+06,3337.7
04/10/2014,3516.7,3541.4,3485.9,3514.1,2.60E+06,3348
05/10/2014,3516.7,3541.4,3485.9,3514.1,2.60E+06,3348
06/10/2014,3467.5,3502.5,3467.5,3480.5,1.79E+06,3342.5
07/10/2014,3477,3480,3440.5,3456,2.22E+06,3319
08/10/2014,3455.5,3485.5,3428.6,3475,2.09E+06,3337.2
09/10/2014,3509,3516.5,3475,3480.5,2.64E+06,3342.5
10/10/2014,3457,3468.5,3414,3427,2.87E+06,3291.1
11/10/2014,3516.7,3541.4,3485.9,3514.1,2.60E+06,3348
12/10/2014,3516.7,3541.4,3485.9,3514.1,2.60E+06,3348
13/10/2014,3409,3422,3389,3415.5,2.60E+06,3280.1
14/10/2014,3404.5,3435,3369.1,3430,3.96E+06,3294
15/10/2014,3433,3454,3389,3389,4.41E+06,3254.6
16/10/2014,3424,3427,3347,3389.5,5.40E+06,3255.1
17/10/2014,3385.5,3459,3355.5,3455.5,3.18E+06,3318.5
18/10/2014,3516.7,3541.4,3485.9,3514.1,2.60E+06,3348
19/10/2014,3516.7,3541.4,3485.9,3514.1,2.60E+06,3348
20/10/2014,3458.5,3485,3411.3,3436,2.31E+06,3299.8
21/10/2014,3440.5,3468,3391,3466.5,3.24E+06,3329
22/10/2014,3350,3375,3303,3375,6.59E+06,3241.2
23/10/2014,3359,3383,3322.5,3364.5,3.15E+06,3231.1
24/10/2014,3360,3375,3338.5,3362.5,1.95E+06,3229.2
25/10/2014,3516.7,3541.4,3485.9,3514.1,2.60E+06,3348
26/10/2014,3516.7,3541.4,3485.9,3514.1,2.60E+06,3348
27/10/2014,3402.5,3402.5,3363.5,3388,1.89E+06,3253.7
28/10/2014,3414.5,3447.5,3401.5,3405.5,2.13E+06,3270.5
29/10/2014,3416,3457.5,3406.4,3450,1.64E+06,3313.2
30/10/2014,3464,3469,3422,3466.5,2.28E+06,3329
31/10/2014,3494.5,3553.5,3486.5,3547,3.47E+06,3406.4
01/11/2014,3516.7,3541.4,3485.9,3514.1,2.60E+06,3348
02/11/2014,3516.7,3541.4,3485.9,3514.1,2.60E+06,3348
03/11/2014,3547.5,3565.5,3493.5,3509,2.61E+06,3369.9
04/11/2014,3504.5,3564.5,3504.5,3553,2.76E+06,3412.1
05/11/2014,3564,3590,3539,3577.5,3.30E+06,3435.6
06/11/2014,3572.5,3606.5,3561.5,3602,2.45E+06,3459.2
07/11/2014,3610.5,3617,3560,3579.5,2.50E+06,3437.6
08/11/2014,3516.7,3541.4,3485.9,3514.1,2.60E+06,3348
09/11/2014,3516.7,3541.4,3485.9,3514.1,2.60E+06,3348
10/11/2014,3584,3616,3576,3607,1.81E+06,3464
11/11/2014,3602.5,3640.6,3598.6,3637.5,1.74E+06,3493.3
12/11/2014,3621.5,3632.5,3608,3621.5,2.01E+06,3477.9
13/11/2014,3630,3688.5,3625,3671.5,2.13E+06,3525.9
14/11/2014,3678.5,3683.5,3647.5,3658.5,2.12E+06,3513.4
15/11/2014,3516.7,3541.4,3485.9,3514.1,2.60E+06,3348
16/11/2014,3516.7,3541.4,3485.9,3514.1,2.60E+06,3348
17/11/2014,3641,3716.5,3640,3707,1.91E+06,3560
18/11/2014,3719,3728,3683.5,3703.5,1.80E+06,3556.6
19/11/2014,3713.5,3725.5,3690.5,3709,1.73E+06,3561.9
20/11/2014,3708,3727.5,3634.3,3700,3.57E+06,3553.3
21/11/2014,3708,3717,3616.9,3704,3.79E+06,3557.1
22/11/2014,3516.7,3541.4,3485.9,3514.1,2.60E+06,3348
23/11/2014,3516.7,3541.4,3485.9,3514.1,2.60E+06,3348
24/11/2014,3713.5,3725.5,3698,3702,1.43E+06,3555.2
25/11/2014,3692,3728.5,3685.5,3721.5,2.43E+06,3573.9
26/11/2014,3724,3753,3686.5,3699,1.79E+06,3552.3
27/11/2014,3700,3747.5,3699,3741,1.61E+06,3592.7
28/11/2014,3740,3806.5,3739.5,3794.5,2.53E+06,3644
29/11/2014,3516.7,3541.4,3485.9,3514.1,2.60E+06,3348
30/11/2014,3516.7,3541.4,3485.9,3514.1,2.60E+06,3348
01/12/2014,3782,3789.5,3708.5,3726.5,3.18E+06,3578.7
02/12/2014,3731.5,3769.5,3704,3753,2.81E+06,3604.2
03/12/2014,3757,3781.5,3740.5,3743,2.53E+06,3594.6
04/12/2014,3750.5,3758.5,3712.5,3730,2.80E+06,3582.1
05/12/2014,3741,3749.5,3716.5,3744.5,2.38E+06,3596
06/12/2014,3516.7,3541.4,3485.9,3514.1,2.60E+06,3348
07/12/2014,3516.7,3541.4,3485.9,3514.1,2.60E+06,3348
08/12/2014,3743,3746,3667.5,3686.5,3.00E+06,3540.3
09/12/2014,3711.5,3711.5,3605,3608,2.83E+06,3464.9
10/12/2014,3620,3639,3582.6,3583,2.34E+06,3440.9
11/12/2014,3574.5,3581,3497.5,3510.5,3.74E+06,3371.3
12/12/2014,3502,3503,3401.5,3405,3.44E+06,3270
13/12/2014,3516.7,3541.4,3485.9,3514.1,2.60E+06,3348
14/12/2014,3516.7,3541.4,3485.9,3514.1,2.60E+06,3348
15/12/2014,3407.5,3461,3335.5,3335.5,3.78E+06,3203.2
16/12/2014,3363.5,3417.5,3325.5,3417.5,4.92E+06,3282
17/12/2014,3389.5,3395.5,3337.5,3365,3.47E+06,3231.6
18/12/2014,3402.5,3459,3377,3450,3.94E+06,3313.2
19/12/2014,3474.5,3510,3422,3500.5,5.65E+06,3361.7
20/12/2014,3516.7,3541.4,3485.9,3514.1,2.60E+06,3348
21/12/2014,3516.7,3541.4,3485.9,3514.1,2.60E+06,3348
22/12/2014,3514,3538.5,3496.5,3532,3.37E+06,3391.9
23/12/2014,3545,3561,3480.2,3523,1.44E+06,3383.3
24/12/2014,3510,3550.5,3509,3531.5,2.81E+05,3391.5
25/12/2014,3531.5,3531.5,3531.5,3531.5,0,3391.5
26/12/2014,3531.5,3531.5,3531.5,3531.5,0,3391.5
27/12/2014,3516.7,3541.4,3485.9,3514.1,2.60E+06,3348
28/12/2014,3516.7,3541.4,3485.9,3514.1,2.60E+06,3348
29/12/2014,3543,3559,3524,3554,1.36E+06,3413.1
30/12/2014,3533,3554.5,3470.5,3490,1.48E+06,3351.6
31/12/2014,3501.5,3523,3484,3500,4.61E+05,3361.2
01/01/2015,3500,3500,3500,3500,0,3361.2
02/01/2015,3500.5,3517.5,3428.5,3452.5,1.48E+06,3315.6
03/01/2015,3516.7,3541.4,3485.9,3514.1,2.60E+06,3348
04/01/2015,3516.7,3541.4,3485.9,3514.1,2.60E+06,3348
05/01/2015,3448,3492.5,3403.5,3413,2.69E+06,3277.7
06/01/2015,3418.5,3455,3362.5,3421,2.65E+06,3285.4
07/01/2015,3442.5,3460,3397,3410,2.76E+06,3274.8
08/01/2015,3441,3513,3367.2,3512.5,3.20E+06,3373.2
09/01/2015,3512.5,3531.5,3456.5,3472,1.85E+06,3334.3
10/01/2015,3516.7,3541.4,3485.9,3514.1,2.60E+06,3348
11/01/2015,3516.7,3541.4,3485.9,3514.1,2.60E+06,3348
12/01/2015,3489.5,3530.5,3488.5,3522,2.55E+06,3382.3
13/01/2015,3517,3590,3508,3584.5,2.69E+06,3442.4
14/01/2015,3542,3599,3481,3514.5,3.84E+06,3375.1
15/01/2015,3537.5,3589.5,3444.5,3589.5,3.55E+06,3447.2
16/01/2015,3582,3595,3554.5,3584,3.38E+06,3441.9
17/01/2015,3516.7,3541.4,3485.9,3514.1,2.60E+06,3348
18/01/2015,3516.7,3541.4,3485.9,3514.1,2.60E+06,3348
19/01/2015,3576.5,3610,3558.5,3598,1.43E+06,3455.3
20/01/2015,3618.5,3643.5,3587.5,3611.5,2.39E+06,3468.3
21/01/2015,3619.5,3691,3618.8,3690.5,2.66E+06,3544.2
22/01/2015,3678,3737,3665.6,3734.5,3.12E+06,3586.4
23/01/2015,3751,3805,3713.5,3791,4.35E+06,3640.7
24/01/2015,3516.7,3541.4,3485.9,3514.1,2.60E+06,3348
25/01/2015,3516.7,3541.4,3485.9,3514.1,2.60E+06,3348
26/01/2015,3757.5,3806,3752,3779.5,3.03E+06,3629.6
27/01/2015,3780,3792.5,3734,3756,2.41E+06,3607.1
28/01/2015,3785,3795.5,3745,3778.5,2.58E+06,3628.7
29/01/2015,3757,3808,3751,3794,3.16E+06,3643.6
30/01/2015,3805,3818,3748,3752,3.08E+06,3603.2
31/01/2015,3516.7,3541.4,3485.9,3514.1,2.60E+06,3348
01/02/2015,3516.7,3541.4,3485.9,3514.1,2.60E+06,3348
02/02/2015,3748,3780,3721,3767,2.21E+06,3617.6
03/02/2015,3769.5,3799.5,3729.5,3753,2.60E+06,3604.2
04/02/2015,3746,3778,3699,3735.5,3.40E+06,3587.4
05/02/2015,3716.5,3731.5,3662.5,3689,2.75E+06,3542.7
06/02/2015,3684,3684,3617,3628,2.79E+06,3484.1
07/02/2015,3516.7,3541.4,3485.9,3514.1,2.60E+06,3348
08/02/2015,3516.7,3541.4,3485.9,3514.1,2.60E+06,3348
09/02/2015,3630.5,3630.5,3573,3605,2.43E+06,3462.1
10/02/2015,3601,3668,3601,3647.5,2.99E+06,3502.9
11/02/2015,3659,3674.5,3610,3635.5,1.56E+06,3491.3
12/02/2015,3659,3661,3615.5,3626.5,2.71E+06,3482.7
13/02/2015,3645.5,3645.5,3574.6,3592,2.73E+06,3449.6
14/02/2015,3516.7,3541.4,3485.9,3514.1,2.60E+06,3348
15/02/2015,3516.7,3541.4,3485.9,3514.1,2.60E+06,3348
16/02/2015,3623,3628.5,3580.5,3594.5,1.62E+06,3452
17/02/2015,3591,3663.5,3574.5,3663.5,1.92E+06,3518.2
18/02/2015,3669,3676,3587,3603.5,2.23E+06,3460.6
19/02/2015,3619.5,3670.9,3604.5,3660.5,2.61E+06,3515.4
20/02/2015,3660.5,3678,3630.5,3656,3.01E+06,3511
21/02/2015,3516.7,3541.4,3485.9,3514.1,2.60E+06,3348
22/02/2015,3516.7,3541.4,3485.9,3514.1,2.60E+06,3348
23/02/2015,3666,3727.5,3644,3727.5,2.52E+06,3579.7
24/02/2015,3727,3770,3718.5,3737,2.69E+06,3588.8
25/02/2015,3733,3739,3685,3731,2.57E+06,3583.1
26/02/2015,3750,3799,3716.5,3795,3.03E+06,3644.5
27/02/2015,3799,3806,3759.5,3782,3.18E+06,3632
28/02/2015,3516.7,3541.4,3485.9,3514.1,2.60E+06,3348
01/03/2015,3516.7,3541.4,3485.9,3514.1,2.60E+06,3348
02/03/2015,3774.5,3780,3739.5,3756.5,2.38E+06,3607.5
03/03/2015,3787.5,3811.5,3749,3767,2.19E+06,3617.6
04/03/2015,3788,3813,3735.5,3813,2.31E+06,3661.8
05/03/2015,3832.5,3893.8,3806.5,3892.5,3.87E+06,3738.2
06/03/2015,3879.5,3894,3822.5,3825.5,2.99E+06,3673.8
07/03/2015,3516.7,3541.4,3485.9,3514.1,2.60E+06,3348
08/03/2015,3516.7,3541.4,3485.9,3514.1,2.60E+06,3348
09/03/2015,3825,3825,3746.5,3756,2.59E+06,3607.1
10/03/2015,3744.5,3770,3652,3652.5,3.14E+06,3507.7
11/03/2015,3663.5,3682.5,3613,3627,2.52E+06,3483.2
12/03/2015,3649,3675.5,3629,3641.5,2.21E+06,3497.1
13/03/2015,3660,3674.5,3619,3644,2.34E+06,3499.5
14/03/2015,3516.7,3541.4,3485.9,3514.1,2.60E+06,3348
15/03/2015,3516.7,3541.4,3485.9,3514.1,2.60E+06,3348
16/03/2015,3644.5,3722,3636,3708.5,2.64E+06,3561.5
17/03/2015,3698.5,3734.5,3679.5,3715.5,2.52E+06,3568.2
18/03/2015,3729,3808.5,3701.5,3796,4.00E+06,3645.5
19/03/2015,3690,3715.5,3635,3668,5.95E+06,3618.5
20/03/2015,3676,3676,3647.5,3657,6.14E+06,3607.6
21/03/2015,3516.7,3541.4,3485.9,3514.1,2.60E+06,3348
22/03/2015,3516.7,3541.4,3485.9,3514.1,2.60E+06,3348
23/03/2015,3667,3715.9,3641.5,3703.5,3.17E+06,3653.5
24/03/2015,3685.5,3737,3664,3664,3.08E+06,3614.5
25/03/2015,3664.5,3681,3639.5,3639.5,2.22E+06,3590.3
26/03/2015,3614,3622,3446.5,3570,5.60E+06,3521.8
27/03/2015,3587.5,3588,3538,3552,2.40E+06,3504
28/03/2015,3516.7,3541.4,3485.9,3514.1,2.60E+06,3348
29/03/2015,3516.7,3541.4,3485.9,3514.1,2.60E+06,3348
30/03/2015,3598,3599,3554.5,3594.5,2.89E+06,3545.9
31/03/2015,3598.5,3598.5,3482.5,3488.5,4.94E+06,3441.4
01/04/2015,3496.5,3546,3481.5,3538.5,3.08E+06,3490.7
02/04/2015,3528.5,3583,3514,3577,2.24E+06,3528.7
03/04/2015,3577,3577,3577,3577,0,3528.7
04/04/2015,3516.7,3541.4,3485.9,3514.1,2.60E+06,3348
05/04/2015,3516.7,3541.4,3485.9,3514.1,2.60E+06,3348
06/04/2015,3577,3577,3577,3577,0,3528.7
07/04/2015,3612.5,3637.7,3575,3631,2.50E+06,3582
08/04/2015,3615.5,3625,3579.1,3589,2.11E+06,3540.5
09/04/2015,3607,3651,3596.5,3631,2.37E+06,3582
10/04/2015,3642.5,3721,3636,3716,2.73E+06,3665.8
11/04/2015,3516.7,3541.4,3485.9,3514.1,2.60E+06,3348
12/04/2015,3516.7,3541.4,3485.9,3514.1,2.60E+06,3348
13/04/2015,3706.5,3706.5,3622.9,3662,1.95E+06,3612.5
14/04/2015,3646,3690,3629,3677.5,1.80E+06,3627.8
15/04/2015,3677.5,3711,3667,3691,1.94E+06,3641.1
16/04/2015,3709,3747.7,3675.5,3742,3.94E+06,3691.5
17/04/2015,3750,3780,3709,3724,3.89E+06,3673.7
18/04/2015,3516.7,3541.4,3485.9,3514.1,2.60E+06,3348
19/04/2015,3516.7,3541.4,3485.9,3514.1,2.60E+06,3348
20/04/2015,3750.5,3775,3740.2,3765,2.20E+06,3714.1
21/04/2015,3758.5,3797,3735,3762.5,2.91E+06,3711.7
22/04/2015,3775,3775,3704,3734,2.63E+06,3683.6
23/04/2015,3756.5,3774,3720,3753,3.00E+06,3702.3
24/04/2015,3760,3770.9,3715.5,3746.5,2.37E+06,3695.9
25/04/2015,3516.7,3541.4,3485.9,3514.1,2.60E+06,3348
26/04/2015,3516.7,3541.4,3485.9,3514.1,2.60E+06,3348
27/04/2015,3749,3758.5,3687.5,3721.5,2.84E+06,3671.2
28/04/2015,3725.5,3725.5,3632.5,3669.5,3.15E+06,3619.9
29/04/2015,3635,3648,3582,3588.5,4.39E+06,3540
30/04/2015,3602.5,3620,3573.5,3592.5,3.29E+06,3544
01/05/2015,3595,3668,3554,3640,1.61E+06,3590.8
02/05/2015,3516.7,3541.4,3485.9,3514.1,2.60E+06,3348
03/05/2015,3516.7,3541.4,3485.9,3514.1,2.60E+06,3348
04/05/2015,3640,3640,3640,3640,0,3590.8
05/05/2015,3686.5,3690,3547.5,3547.5,1.53E+06,3499.6
06/05/2015,3558,3598,3550,3582.5,2.44E+06,3534.1
07/05/2015,3588,3600,3498,3576,4.29E+06,3527.7
08/05/2015,3645,3652.6,3598,3640,3.84E+06,3590.8
09/05/2015,3516.7,3541.4,3485.9,3514.1,2.60E+06,3348
10/05/2015,3516.7,3541.4,3485.9,3514.1,2.60E+06,3348
11/05/2015,3630.5,3674.8,3613,3621,2.83E+06,3572.1
12/05/2015,3594.5,3605,3520.8,3557.5,3.65E+06,3509.4
13/05/2015,3585.5,3621.5,3558.5,3572,2.63E+06,3523.7
14/05/2015,3572,3608,3543.5,3602,2.14E+06,3553.3
15/05/2015,3620.5,3713.9,3571.5,3592,2.18E+06,3543.5
16/05/2015,3516.7,3541.4,3485.9,3514.1,2.60E+06,3348
17/05/2015,3516.7,3541.4,3485.9,3514.1,2.60E+06,3348
18/05/2015,3599.5,3619,3545,3595.5,1.89E+06,3546.9
19/05/2015,3638.5,3655,3618.5,3639.5,2.30E+06,3590.3
20/05/2015,3636,3652,3606,3644,2.53E+06,3594.8
21/05/2015,3644.5,3649,3609,3633,1.59E+06,3583.9
22/05/2015,3634.5,3698.9,3621,3621,2.67E+06,3572.1
23/05/2015,3516.7,3541.4,3485.9,3514.1,2.60E+06,3348
24/05/2015,3516.7,3541.4,3485.9,3514.1,2.60E+06,3348
25/05/2015,3621,3621,3621,3621,0,3572.1
26/05/2015,3616,3641,3586.7,3611.5,1.81E+06,3562.7
27/05/2015,3625,3679,3617.5,3664.5,3.46E+06,3615
28/05/2015,3666.5,3708,3665.5,3691.5,2.92E+06,3641.6
29/05/2015,3690.5,3691,3599,3605.5,3.53E+06,3556.8
30/05/2015,3516.7,3541.4,3485.9,3514.1,2.60E+06,3348
31/05/2015,3516.7,3541.4,3485.9,3514.1,2.60E+06,3348
01/06/2015,3607,3653.2,3584,3592.5,2.96E+06,3544
02/06/2015,3563.5,3565,3494.5,3506,4.02E+06,3458.6
03/06/2015,3511.5,3568,3506,3535.5,2.93E+06,3487.7
04/06/2015,3536.5,3536.5,3478,3520,3.52E+06,3472.5
05/06/2015,3509,3509,3438.5,3440,2.93E+06,3393.5
06/06/2015,3516.7,3541.4,3485.9,3514.1,2.60E+06,3348
07/06/2015,3516.7,3541.4,3485.9,3514.1,2.60E+06,3348
08/06/2015,3431,3447,3385,3431,3.37E+06,3384.7
09/06/2015,3432.5,3442.5,3400.5,3423,2.60E+06,3376.8
10/06/2015,3413.5,3440.5,3383,3434,3.42E+06,3387.6
11/06/2015,3432,3458.5,3417,3445,2.02E+06,3398.5
12/06/2015,3427.5,3430,3392.5,3417.5,2.42E+06,3371.3
13/06/2015,3516.7,3541.4,3485.9,3514.1,2.60E+06,3348
14/06/2015,3516.7,3541.4,3485.9,3514.1,2.60E+06,3348
15/06/2015,3399,3438,3388.5,3411.5,2.62E+06,3365.4
16/06/2015,3418,3529.5,3406.5,3511,5.37E+06,3463.6
17/06/2015,3529,3539.5,3477,3503,3.06E+06,3455.7
18/06/2015,3499.5,3556,3488.5,3556,3.86E+06,3508
19/06/2015,3550,3582.5,3536,3547,4.47E+06,3499.1
20/06/2015,3516.7,3541.4,3485.9,3514.1,2.60E+06,3348
21/06/2015,3516.7,3541.4,3485.9,3514.1,2.60E+06,3348
22/06/2015,3592,3605.5,3554,3593.5,2.79E+06,3545
23/06/2015,3598.5,3607,3569,3579.5,2.18E+06,3531.1
24/06/2015,3571,3617,3556.5,3591,2.26E+06,3542.5
25/06/2015,3573,3611.5,3556,3556,2.55E+06,3508
26/06/2015,3538.5,3570.5,3525.5,3546.5,2.05E+06,3498.6
27/06/2015,3516.7,3541.4,3485.9,3514.1,2.60E+06,3348
28/06/2015,3516.7,3541.4,3485.9,3514.1,2.60E+06,3348
29/06/2015,3477.5,3531,3467.5,3475.5,2.54E+06,3428.6
30/06/2015,3464.5,3484,3415,3415,3.93E+06,3368.9
01/07/2015,3446,3510,3427.9,3499,3.06E+06,3451.7
02/07/2015,3507.5,3509,3474,3495,1.67E+06,3447.8
03/07/2015,3483.5,3515.5,3473,3481.5,1.12E+06,3434.5
04/07/2015,3516.7,3541.4,3485.9,3514.1,2.60E+06,3348
05/07/2015,3516.7,3541.4,3485.9,3514.1,2.60E+06,3348
06/07/2015,3448,3507.5,3433.5,3485,2.26E+06,3437.9
07/07/2015,3478.5,3492.5,3452,3462,2.56E+06,3415.2
08/07/2015,3486.5,3529.5,3457,3529.5,2.75E+06,3481.8
09/07/2015,3531.5,3568.5,3508.5,3564.5,2.12E+06,3516.3
10/07/2015,3606.5,3650.4,3570.5,3626.5,2.66E+06,3577.5
11/07/2015,3516.7,3541.4,3485.9,3514.1,2.60E+06,3348
12/07/2015,3516.7,3541.4,3485.9,3514.1,2.60E+06,3348
13/07/2015,3663.5,3671.5,3597.5,3617,2.48E+06,3568.1
14/07/2015,3625,3656,3609.5,3639.5,1.98E+06,3590.3
15/07/2015,3626.5,3656.5,3605.5,3653,1.65E+06,3603.7
16/07/2015,3660,3687,3640,3659.5,2.00E+06,3610.1
17/07/2015,3664.5,3678,3634,3651,1.93E+06,3601.7
18/07/2015,3516.7,3541.4,3485.9,3514.1,2.60E+06,3348
19/07/2015,3516.7,3541.4,3485.9,3514.1,2.60E+06,3348
20/07/2015,3675,3675.5,3637,3651,1.76E+06,3601.7
21/07/2015,3665,3676,3630,3659.5,1.63E+06,3610.1
22/07/2015,3636.5,3653,3581.5,3592.5,2.27E+06,3544
23/07/2015,3637,3660.5,3559,3579.5,2.19E+06,3531.1
24/07/2015,3585,3629,3542.5,3550,2.02E+06,3502
25/07/2015,3516.7,3541.4,3485.9,3514.1,2.60E+06,3348
26/07/2015,3516.7,3541.4,3485.9,3514.1,2.60E+06,3348
27/07/2015,3559.5,3575,3498,3512,2.86E+06,3464.6
28/07/2015,3540,3551.5,3517.5,3551.5,2.65E+06,3503.5
29/07/2015,3650,3680.5,3629.5,3680.5,4.12E+06,3630.8
30/07/2015,3693,3747,3673.5,3740,4.32E+06,3689.5
31/07/2015,3750,3806.5,3743.7,3801,4.07E+06,3749.7
01/08/2015,3516.7,3541.4,3485.9,3514.1,2.60E+06,3348
02/08/2015,3516.7,3541.4,3485.9,3514.1,2.60E+06,3348
03/08/2015,3788.5,3800,3766,3785,2.93E+06,3733.9
04/08/2015,3790.5,3843,3783,3821,3.02E+06,3769.4
05/08/2015,3822.5,3851.5,3803,3828.5,2.35E+06,3776.8
06/08/2015,3828.5,3871,3823,3830,2.14E+06,3778.3
07/08/2015,3813.5,3824,3793.5,3805,1.90E+06,3753.6
08/08/2015,3516.7,3541.4,3485.9,3514.1,2.60E+06,3348
09/08/2015,3516.7,3541.4,3485.9,3514.1,2.60E+06,3348
10/08/2015,3828,3835,3777,3822.5,2.04E+06,3770.9
11/08/2015,3808.5,3831,3768,3774,2.39E+06,3723
12/08/2015,3755,3782.4,3678.3,3707.5,3.44E+06,3657.4
13/08/2015,3741.5,3777.5,3698.5,3731,2.92E+06,3680.6
14/08/2015,3743.5,3745,3713.5,3721,1.68E+06,3670.7
15/08/2015,3516.7,3541.4,3485.9,3514.1,2.60E+06,3348
16/08/2015,3516.7,3541.4,3485.9,3514.1,2.60E+06,3348
17/08/2015,3740.5,3743.1,3700.5,3726.5,1.75E+06,3676.2
18/08/2015,3730.5,3734,3654.9,3709,2.28E+06,3658.9
19/08/2015,3702.5,3703,3648.5,3657,2.55E+06,3607.6
20/08/2015,3598,3601,3558.5,3582.5,2.57E+06,3582.5
21/08/2015,3555.5,3585.5,3499.5,3499.5,3.15E+06,3499.5
22/08/2015,3516.7,3541.4,3485.9,3514.1,2.60E+06,3348
23/08/2015,3516.7,3541.4,3485.9,3514.1,2.60E+06,3348
24/08/2015,3378,3420.5,3231.5,3355.5,9.01E+06,3355.5
25/08/2015,3391.5,3440.5,3364.5,3425,5.32E+06,3425
26/08/2015,3385,3462,3366,3405.5,5.04E+06,3405.5
27/08/2015,3466.5,3476.5,3409.5,3465,2.97E+06,3465
28/08/2015,3479.5,3487.1,3386.2,3479,2.74E+06,3479
29/08/2015,3516.7,3541.4,3485.9,3514.1,2.60E+06,3348
30/08/2015,3516.7,3541.4,3485.9,3514.1,2.60E+06,3348
31/08/2015,3479,3479,3479,3479,0,3479
01/09/2015,3431,3440,3367.5,3391,3.33E+06,3391
02/09/2015,3404.5,3423.5,3358,3392.5,2.66E+06,3392.5
03/09/2015,3419,3458.5,3404,3450.5,2.84E+06,3450.5
04/09/2015,3431,3431,3376.5,3384.5,2.64E+06,3384.5
05/09/2015,3516.7,3541.4,3485.9,3514.1,2.60E+06,3348
06/09/2015,3516.7,3541.4,3485.9,3514.1,2.60E+06,3348
07/09/2015,3401.5,3412.5,3367,3400,1.28E+06,3400
08/09/2015,3400,3439.5,3354.6,3410.5,1.98E+06,3410.5
09/09/2015,3468.5,3484,3434.5,3469.5,2.23E+06,3469.5
10/09/2015,3442,3444,3403.5,3439.5,2.92E+06,3439.5
11/09/2015,3435.5,3454.5,3402,3424,2.88E+06,3424
12/09/2015,3516.7,3541.4,3485.9,3514.1,2.60E+06,3348
13/09/2015,3516.7,3541.4,3485.9,3514.1,2.60E+06,3348
14/09/2015,3441.5,3467,3420,3423,1.82E+06,3423
15/09/2015,3440,3477.5,3405,3472.5,3.20E+06,3472.5
16/09/2015,3490.5,3582,3484.5,3575,3.35E+06,3575
17/09/2015,3582.5,3634.5,3571.8,3578,4.06E+06,3578
18/09/2015,3572.5,3585,3450,3571,5.49E+06,3571
19/09/2015,3516.7,3541.4,3485.9,3514.1,2.60E+06,3348
20/09/2015,3516.7,3541.4,3485.9,3514.1,2.60E+06,3348
21/09/2015,3556,3599.6,3553.5,3558.5,2.49E+06,3558.5
22/09/2015,3560,3570.5,3459,3459,3.45E+06,3459
23/09/2015,3460,3535.5,3460,3514.5,2.33E+06,3514.5
24/09/2015,3521,3555.5,3499,3535,3.70E+06,3535
25/09/2015,3579,3635.5,3561,3618,2.97E+06,3618
26/09/2015,3516.7,3541.4,3485.9,3514.1,2.60E+06,3348
27/09/2015,3516.7,3541.4,3485.9,3514.1,2.60E+06,3348
28/09/2015,3619,3628,3549.5,3555.5,2.25E+06,3555.5
29/09/2015,3516.5,3558.5,3505,3521,2.53E+06,3521
30/09/2015,3583,3643,3561.5,3643,4.10E+06,3643
01/10/2015,3643,3678.5,3586,3588.5,2.92E+06,3588.5
02/10/2015,3635,3655,3584.5,3634.5,2.51E+06,3634.5
03/10/2015,3516.7,3541.4,3485.9,3514.1,2.60E+06,3348
04/10/2015,3516.7,3541.4,3485.9,3514.1,2.60E+06,3348
05/10/2015,3689,3694.5,3665.5,3679.5,2.05E+06,3679.5
06/10/2015,3683,3710.5,3658,3702.5,2.18E+06,3702.5
07/10/2015,3709,3747,3699,3726,2.62E+06,3726
08/10/2015,3723,3750,3702.5,3738.5,2.06E+06,3738.5
09/10/2015,3760.5,3782.5,3734.5,3770,2.07E+06,3770
10/10/2015,3516.7,3541.4,3485.9,3514.1,2.60E+06,3348
11/10/2015,3516.7,3541.4,3485.9,3514.1,2.60E+06,3348
12/10/2015,3770.5,3770.5,3719,3763.5,1.85E+06,3763.5
13/10/2015,3759.5,3790,3726.5,3772,2.34E+06,3772
14/10/2015,3755,3760,3729,3737,2.06E+06,3737
15/10/2015,3753,3815.5,3751,3804,2.59E+06,3804
16/10/2015,3797.5,3834,3783,3830,2.60E+06,3830
17/10/2015,3516.7,3541.4,3485.9,3514.1,2.60E+06,3348
18/10/2015,3516.7,3541.4,3485.9,3514.1,2.60E+06,3348
19/10/2015,3826,3906.7,3798,3824.5,1.61E+06,3824.5
20/10/2015,3840,3844.5,3785,3799,2.30E+06,3799
21/10/2015,3814,3849.5,3800.5,3816,2.14E+06,3816
22/10/2015,3820,3831.5,3796.5,3823,2.05E+06,3823
23/10/2015,3848,3858,3828.6,3843.5,2.24E+06,3843.5
24/10/2015,3516.7,3541.4,3485.9,3514.1,2.60E+06,3348
25/10/2015,3516.7,3541.4,3485.9,3514.1,2.60E+06,3348
26/10/2015,3805,3842,3797.5,3830,1.93E+06,3830
27/10/2015,3825,3836,3793.5,3793.5,1.80E+06,3793.5
28/10/2015,3826,3900.5,3826,3893,3.96E+06,3893
29/10/2015,3895,3902,3853,3890.5,2.27E+06,3890.5
30/10/2015,3895,3906,3842.5,3859.5,2.38E+06,3859.5
31/10/2015,3516.7,3541.4,3485.9,3514.1,2.60E+06,3348
01/11/2015,3516.7,3541.4,3485.9,3514.1,2.60E+06,3348
02/11/2015,3826,3843,3811,3820,2.32E+06,3820
03/11/2015,3825,3847.5,3818,3842,1.42E+06,3842
04/11/2015,3831.5,3871,3823.5,3857,1.67E+06,3857
05/11/2015,3857.5,3901.5,3845.2,3860,1.66E+06,3860
06/11/2015,3869.5,3875.5,3798.5,3810,1.79E+06,3810
07/11/2015,3516.7,3541.4,3485.9,3514.1,2.60E+06,3348
08/11/2015,3516.7,3541.4,3485.9,3514.1,2.60E+06,3348
09/11/2015,3800,3810.1,3759,3773,2.14E+06,3773
10/11/2015,3793,3797,3736.5,3779.5,1.92E+06,3779.5
11/11/2015,3790,3807.5,3764,3784.5,1.83E+06,3784.5
12/11/2015,3787,3796,3720,3724.5,2.37E+06,3724.5
13/11/2015,3718,3728.8,3667,3705.5,2.25E+06,3705.5
14/11/2015,3516.7,3541.4,3485.9,3514.1,2.60E+06,3348
15/11/2015,3516.7,3541.4,3485.9,3514.1,2.60E+06,3348
16/11/2015,3689,3741.5,3687.5,3741,1.67E+06,3741
17/11/2015,3774.5,3816.5,3760,3812,2.16E+06,3812
18/11/2015,3794.5,3824,3782.5,3808.5,1.91E+06,3808.5
19/11/2015,3819,3867.5,3816.5,3860.5,2.70E+06,3860.5
20/11/2015,3873.5,3892.5,3839.2,3870,2.38E+06,3870
21/11/2015,3516.7,3541.4,3485.9,3514.1,2.60E+06,3348
22/11/2015,3516.7,3541.4,3485.9,3514.1,2.60E+06,3348
23/11/2015,3834,3870.5,3820,3869,1.62E+06,3869
24/11/2015,3871.5,3871.5,3810,3850,1.60E+06,3850
25/11/2015,3856.5,3884.5,3850.5,3873,1.84E+06,3873
26/11/2015,3876.5,3892.5,3858,3875,1.26E+06,3875
27/11/2015,3848.5,3909.5,3837.5,3898.5,1.60E+06,3898.5
28/11/2015,3516.7,3541.4,3485.9,3514.1,2.60E+06,3348
29/11/2015,3516.7,3541.4,3485.9,3514.1,2.60E+06,3348
30/11/2015,3901.5,3931.5,3861.5,3868,2.33E+06,3868
01/12/2015,3875,3887,3843.5,3886.5,2.49E+06,3886.5
02/12/2015,3899,3906,3872,3891,1.60E+06,3891
03/12/2015,3884.5,3915.5,3810,3816,2.60E+06,3816
04/12/2015,3803,3803,3760.5,3781,2.59E+06,3781
05/12/2015,3516.7,3541.4,3485.9,3514.1,2.60E+06,3348
06/12/2015,3516.7,3541.4,3485.9,3514.1,2.60E+06,3348
07/12/2015,3809.5,3843.5,3779,3835.5,1.77E+06,3835.5
08/12/2015,3840,3861,3781.5,3800,2.16E+06,3800
09/12/2015,3830,3830,3737,3738,2.56E+06,3738
10/12/2015,3699,3709,3672,3694,3.12E+06,3694
11/12/2015,3685.5,3700.5,3572.5,3599,3.82E+06,3599
12/12/2015,3516.7,3541.4,3485.9,3514.1,2.60E+06,3348
13/12/2015,3516.7,3541.4,3485.9,3514.1,2.60E+06,3348
14/12/2015,3603.5,3673.9,3583.5,3590,2.87E+06,3590
15/12/2015,3616.5,3697,3616.5,3686,3.11E+06,3686
16/12/2015,3693,3723.3,3672.5,3719,2.18E+06,3719
17/12/2015,3780.5,3788,3721.5,3732.5,3.02E+06,3732.5
18/12/2015,3703,3730.5,3660.5,3666.5,4.59E+06,3666.5
19/12/2015,3516.7,3541.4,3485.9,3514.1,2.60E+06,3348
20/12/2015,3516.7,3541.4,3485.9,3514.1,2.60E+06,3348
21/12/2015,3667,3712.5,3657.5,3657.5,2.25E+06,3657.5
22/12/2015,3658,3688.5,3647,3669.5,1.08E+06,3669.5
23/12/2015,3696.5,3753,3691.5,3745.5,1.25E+06,3745.5
24/12/2015,3763.5,3784.5,3729.5,3781,3.29E+05,3781
25/12/2015,3516.7,3541.4,3485.9,3514.1,2.60E+06,3348
26/12/2015,3516.7,3541.4,3485.9,3514.1,2.60E+06,3348
27/12/2015,3516.7,3541.4,3485.9,3514.1,2.60E+06,3348
28/12/2015,3516.7,3541.4,3485.9,3514.1,2.60E+06,3348
29/12/2015,3793.5,3816,3767,3806,1.33E+06,3806
30/12/2015,3799,3803.2,3773.5,3789.5,8.46E+05,3789.5
31/12/2015,3780,3801,3754,3771,5.16E+05,3771
01/01/2016,3516.7,3541.4,3485.9,3514.1,2.60E+06,3348
02/01/2016,3516.7,3541.4,3485.9,3514.1,2.60E+06,3348
03/01/2016,3516.7,3541.4,3485.9,3514.1,2.60E+06,3348
04/01/2016,3748.5,3748.5,3671,3685.5,2.01E+06,3685.5
05/01/2016,3721.5,3745,3643.5,3685.5,1.38E+06,3685.5
06/01/2016,3710,3729.5,3675,3728,2.08E+06,3728
07/01/2016,3658.5,3692.5,3627,3664.5,3.14E+06,3664.5
08/01/2016,3670.5,3673.5,3629.5,3631,2.10E+06,3631
09/01/2016,3516.7,3541.4,3485.9,3514.1,2.60E+06,3348
10/01/2016,3516.7,3541.4,3485.9,3514.1,2.60E+06,3348
11/01/2016,3614,3676,3602,3648.5,2.01E+06,3648.5
12/01/2016,3636,3722.5,3621.5,3698,2.59E+06,3698
13/01/2016,3725.5,3729,3698,3721,2.59E+06,3721
14/01/2016,3675.5,3678.5,3623,3639.5,2.82E+06,3639.5
15/01/2016,3622.5,3631,3536,3595,4.48E+06,3595
16/01/2016,3516.7,3541.4,3485.9,3514.1,2.60E+06,3348
17/01/2016,3516.7,3541.4,3485.9,3514.1,2.60E+06,3348
18/01/2016,3595,3641,3562.3,3612,1.95E+06,3612
19/01/2016,3659,3665,3634,3647,2.15E+06,3647
20/01/2016,3606.5,3619.5,3544,3565,3.04E+06,3565
21/01/2016,3575.5,3599.5,3547,3579.5,3.35E+06,3579.5
22/01/2016,3624.5,3646.5,3606,3625.5,2.57E+06,3625.5
23/01/2016,3516.7,3541.4,3485.9,3514.1,2.60E+06,3348
24/01/2016,3516.7,3541.4,3485.9,3514.1,2.60E+06,3348
25/01/2016,3642.5,3660.5,3624,3657,2.63E+06,3657
26/01/2016,3616.5,3688.5,3601.5,3683,2.18E+06,3683
27/01/2016,3671,3764,3653.5,3764,2.83E+06,3764
28/01/2016,3765.5,3800.2,3748,3768.5,3.56E+06,3768.5
29/01/2016,3829.5,3897,3800,3897,4.16E+06,3897
30/01/2016,3516.7,3541.4,3485.9,3514.1,2.60E+06,3348
31/01/2016,3516.7,3541.4,3485.9,3514.1,2.60E+06,3348
01/02/2016,3895.5,3903.5,3826.5,3864,3.79E+06,3864
02/02/2016,3865,3866,3824,3856.5,2.58E+06,3856.5
03/02/2016,3858.5,3870,3799,3805,3.81E+06,3805
04/02/2016,3834.5,3856.1,3726.5,3753.5,3.29E+06,3753.5
05/02/2016,3755,3778.5,3722.5,3726.5,2.51E+06,3726.5
06/02/2016,3516.7,3541.4,3485.9,3514.1,2.60E+06,3348
07/02/2016,3516.7,3541.4,3485.9,3514.1,2.60E+06,3348
08/02/2016,3745.5,3746,3684.5,3731,3.89E+06,3731
09/02/2016,3753.5,3779,3703.5,3736.5,3.71E+06,3736.5
10/02/2016,3782.5,3798,3671,3692.5,3.31E+06,3692.5
11/02/2016,3661.5,3705,3609,3681,3.96E+06,3681
12/02/2016,3700.5,3720,3668,3708.5,3.38E+06,3708.5
13/02/2016,3516.7,3541.4,3485.9,3514.1,2.60E+06,3348
14/02/2016,3516.7,3541.4,3485.9,3514.1,2.60E+06,3348
15/02/2016,3778,3805.5,3744.5,3775,1.83E+06,3775
16/02/2016,3789.5,3856,3787.5,3844,2.20E+06,3844
17/02/2016,3859,3890,3845.5,3890,2.70E+06,3890
